c = 0.05; g = 9.81; l = 0.1; m = 0.5; r = 0.01; phi0 = pi/4; phipunkt0 = 0;